9796
9796
9796
1032906
1032906
9796
9796
9796
9796
246437
246437
9796
9793
9796
9796
9796
9796
9796
9796
9796
9796
9796
9796
9796
9796
9796
9796
9796
9796
9796
9796
9796
9796
9796
9796
9796
9796
9796
9796
9796
9796
9796
9796
9796
9796
9796
9796
9796
9796
9796
9796
9796
9796
9796
9796
9796
9796
9796
9796
9796
9796
9796
9796
9796
9796
9796
9796
9796
9796
9796
9796
9796
9796
9796
9796
9796
9796
9796
9796
9796
9796
9796
9796
9796
9796
9796
9796
9796
9796
9796
9796
9796
413233
413233
233155
9796
9796
9796
9796
9796
9796
9796
9796
9796
9796
9796
9796
9796
9796
9796
9796
9796
9796
9796
9796
9796
9796
477816
9796
9796
9796
9796
